43.3889
40.9444
43.3889
39.6667
43.3889
43.3889
49.6667
49.6667
49.6667
49.6667
38.1111
42.7222
42.7222
49.6667
39.6667
39.6667
49.6667
39.6667
38.1111
38.1111
38.1111
38.1111
38.1111
38.1111
38.1111
38.1111
38.1111
38.1111
38.1111
39.6667
43.3889
39.6667
38.1111
38.1111
38.1111
38.1111
38.1111
38.1111
42.7222
43.3889
38
38.1111
38.1111
39.6667
53.3333
38.1111
38.1111
38.1111
53.3333
53.3333
53.3333
53.3333
53.3333
53.3333
53.3333
59.6667
53.3333
29.1429
29.1429
29.1429
99.5714
43.1176
43.1176
27.381
29.1429
27.6667
27.381
27.381
29.1429
27.381
27.381
29.1429
74.1905
29.1429
99.5714
27.381
29.1429
74.1905
77
39.9048
35.9048
27.381
27.381
39.9048
36.381
27.381
27.381
36.9048
36.381
27.381
26.7619
75.9048
180
75.9048
75.9048
75.9048
76.0476
39.9048
39.9048
180
39.9048
39.9048
39.9048
27.381
27.381
27.381
36.381
27.381
75.9048
27.381
27.381
39.9048
73.381
27.381
39.9048
36.0476
39.9048
27.6667
35.9048
27.381
73.381
39.4286
36.381
73.381
73.381
99.5714
73.381
73.381
73.381
73.381
73.381
99.5714
75.9048
75.9048
75
75.9048
75.9048
75.9048
75.9048
180
75.9048
39.7619
75.9048
73.381
75.3333
75.9048
75.9048
75.9048
73.0476
73.381
80.2381
75.9048
75.9048
73.381
73.381
75.5714
75.9048
75.9048
75.9048
73.381
36.3333
78.2381
36.3333
36.3333
36.3333
36.3333
36.3333
36.3333
36.3333
73.381
73.381
73.381
73.381
73.381
36.3333
36.3333
36.3333
72.8095
41.9048
36.3333
27.381
27.381
78.2381
78.2381
78.2381
78.2381
78.2381
78.2381
78.2381
78.2381
27.381
78.2381
27.381
78.2381
27.381
78.2381
36.381
36.381
40
43.1176
40
99.5714
43.4118
43.4118
47.4706
48.1765
48.1765
40
48.1176
66.1176
58.5882
51.1176
48.1765
48.1765
66.1176
65.2353
48.1176
58.5882
68.3529
58.5882
65.2353
58.5882
48.1765
43.5294
48.1765
68.7059
58.5882
66.1176
58.5882
66.1176
68.3529
66.1176
66.1176
72.1765
66.1176
48.1176
50.0588
50.0588
50.0588
52.2353
51.1176
50.0588
50.0588
45.4706
50.5294
51.1176
46
51.7059
43.6471
51.1176
51.1176
51.1176
51.1176
51.1176
51.1176
42.5294
51.1176
51.1176
51.1176
48.1765
49.1176
50.2941
51.1176
48.1765
49.1176
66.1176
76.2941
51.1176
66.1176
40
66.1176
66.1176
66.1176
56.2941
57.1176
56.2941
51.1176
45.4706
51.1176
50.0588
51.1176
51.1176
51.1176
53.7059
51.1176
51.1176
45.4706
51.1176
51.1176
36.381
51.1176
51.1176
43.1176
51.1176
51.1176
51.1176
36.381
51.1176
51.1176
66.1176
66.1176
66.1176
66.1176
66.1176
66.1176
56.5294
68.3529
68.3529
58.5882
58.5882
66.1176
58.5882
58.5882
68.3529
58.5882
66.1176
58.5882
65.2353
65.2353
68.3529
58.5882
58.5882
58.5882
66.1176
58.5882
65.2353
65.2353
58.5882
43.1765
49.1176
48.1765
180
48.1765
50.2941
52.7647
48.1765
48.1765
48.1765
48.1765
48.1765
48.7647
51.1176
48.1765
48.1765
48.1765
48.1765
48.1765
180
47.8824
68.3529
68.3529
68.3529
68.3529
68.3529
68.3529
68.3529
47.8824
68.3529
47.8824
47.8824
79
72.4118
79
79
47.8824
68.3529
68.3529
79
68.3529
75.9048
75.9048
75.9048
75.9048
75.9048
75.9048
75.9048
75.9048
55.1579
55.1579
42.6842
37.2632
65.2105
65.2105
65.2105
65.2105
65.2105
65.2105
65.2105
35.7895
37.2632
37.2632
37.2632
37.2632
35.7895
48.2632
65.2105
65.2105
65.2105
65.2105
48.2632
35.7895
37.2632
37.2632
65.2105
37.2632
37.2632
37.2632
73.8421
40.9474
74.6842
35.9474
74.6842
73.8421
55.9474
41.2632
35.9474
35.9474
73.7895
35.9474
35.9474
73.8421
73.8421
73.7895
40.9474
40.9474
35.9474
73.8421
73.8421
67.8421
40.9474
40.9474
40.9474
73.8421
73.8421
35.9474
35.9474
67.8421
73.7895
35.9474
35.9474
73.8421
73
73.7895
35.9474
35.9474
40.9474
41.2632
74.6842
41.2632
73.8421
35.9474
67.8421
67.8421
35.9474
73.8421
33.1579
40.9474
40.9474
40.9474
35.9474
73.8421
73.8421
40.9474
40.9474
41.2632
40.9474
40.9474
40.9474
67.8421
35.9474
55.9474
55.9474
55.9474
55.9474
55.9474
65.2105
65.2105
65.2105
65.2105
65.2105
65.2105
65.2105
65.2105
65.2105
65.2105
48.1176
79.2941
79.2941
68.3529
48.1176
68.3529
68.3529
68.3529
47.8824
47.8824
68.3529
47.8824
48.1176
48.1176
68.3529
68.3529
79.2941
48.1176
68.3529
48.1176
48.1176
48.1176
48.1176
68.3529
68.3529
48.1176
48.1176
48.1176
47.8824
48.1176
48.1176
48.1176
48.1176
48.1176
48.1176
47.8824
47.8824
47.8824
68.3529
48.1176
48.1176
53.3333
53.3333
53.3333
68.3529
75.9048
75.9048
87.9048
87.9048
29.1429
29.1429
29.1429
87.9048
29.1429
87.9048
87.9048
29.1429
87.9048
87.9048
87.9048
29.1429
87.9048
87.9048
87.9048
28.9048
29.1429
87.9048
52.1905
87.9048
50.0952
53.9524
87.9048
53.8571
53.9524
87.9048
47.4706
37.2632
37.2632
37.2632
37.2632
37.2632
39.4211
37.2632
37.2632
37.2632
37.2632
37.2632
37.2632
37.2632
55.1579
37.2632
42.5263
55.1579
42.5263
55.1579
55.1579
42.5263
42.5263
42.5263
42.5263
42.6842
42.6842
42.5263
42.5263
42.5263
42.5263
42.6842
42.6842
42.5263
42.6842
37.2632
37.2632
37.2632
37.2632
37.2632
37.2632
37.2632
37.2632
37.2632
37.2632
37.2632
37.2632
64
65.2105
65.2105
65.2105
65.2105
65.2105
65.2105
65.2105
65.2105
65.2105
65.2105
65.2105
65.2105
65.2105
65.2105
65.2105
65.2105
42.6842
64
64
39.4211
39.4211
39.4211
37.5789
39.4211
39.4211
39.4211
39.4211
39.4211
37.5789
64
64
39.4211
39.4211
39.4211
39.4211
64
42.5263
42.5263
39.4211
42.5263
64
39.4211
42.5263
64
42.5263
39.4211
39.4211
64
39.4211
64
64
39.4211
64
39.4211
42.5263
64
64
64
64
64
39.4211
64
64
42.5263
39.4211
64
64
64
64
39.4211
64
64
64
64
64
39.4211
64
64
64
64
64
64
64
64
64
64
64
64
64
39.4211
39.4211
39.4211
39.4211
39.4211
39.4211
42.6842
64
64
39.4211
64
64
39.4211
55.1579
64
64
64
37.2632
64
42.6842
64
39.4211
37.2632
64
43.0526
64
64
64
64
39.4211
64
64
64
37.2632
64
64
64
64
64
64
64
37.2632
64
37.2632
37.2632
37.2632
37.2632
37.2632
180
180
40
87.5714
40
87.5714
180
83.381
58.5882
55.7619
40
99.5714
48.1176
87.9048
72.1765
180
75.4118
68.3529
40
99.5714
180
68.3529
29.1429
68.3529
54.6471
180
67.8421
29.1429
68.3529
180
59.5556
43.3889
40
29.1429
29.1429
99.5714
29.1429
180
48.1176
87.5714
180
180
180
87.5714
87.5714
87.5714
87.5714
87.5714
87.5714
87.5714
87.5714
87.5714
180
180
87.5714
87.5714
87.5714
87.5714
180
180
87.5714
87.5714
87.5714
180
87.5714
87.5714
87.5714
87.5714
87.5714
87.5714
87.5714
87.5714
87.5714
180
87.5714
87.5714
59.5
60
60
60
60
59.6111
60
60
60
60
60
43.3889
29.1429
29.1429
54.6471
29.1429
29.1429
68.3529
68.3529
68.3529
68.3529
68.3529
68.3529
68.3529
68.3529
55.9474
57.9444
67.8421
67.8421
67.8421
67.8421
67.8421
67.8421
67.8421
67.8421
67.8421
67.8421
67.8421
67.8421
29.1429
40
40
40
40
51.0476
180
55.9474
59.6111
59.6111
59.6111
43.3889
43.3889
43.3889
60
59.6111
59.6111
43.3889
60
60
60
60
60
60
60
60
60
60
87.9048
87.9048
87.9048
87.9048
87.9048
87.9048
87.9048
87.9048
45.6316
45.6316
45.6316
45.6316
45.6316
45.6316
45.6316
45.6316
45.6316
45.6316
45.6316
45.6316
45.6316
45.6316
45.6316
45.6316
45.6316
45.6316
45.6316
45.6316
45.6316
65.6316
46.2632
46.2632
39.3684
46.2632
39.3684
46.2632
46.2632
46.2632
39.3684
46.2632
45.6316
45.6316
45.6316
45.6316
45.6316
45.6316
45.6316
45.6316
45.6316
45.6316
45.6316
45.6316
45.6316
45.6316
45.6316
65.6316
65.6316
65.6316
39.3684
45.8333
52.6667
42.5556
52.6667
44.3889
54.5556
47.6667
47.6667
47.6667
54.5556
54.5556
47.6667
47.6667
45.8333
45.8333
47.6667
47.6667
47.6667
47.6667
38.1667
44.3889
50.6111
50.6111
50.6111
47.6667
47.6667
42.5556
54.8889
45.8333
45.8333
49
49
54.5556
54.5556
41.6667
41.6667
45.8333
42.4444
55.1765
55.1765
55.1765
55.1765
55.1765
55.1765
55.1765
55.1765
55.1765
55.1765
55.1765
55.1765
55.1765
69.1765
48
48
48
55.1765
55.1765
55.1765
65.1667
65.1667
65.1667
65.1667
65.1667
65.1667
65.1667
65.1667
65.1667
65.1667
65.1667
65.1667
65.1667
65.1667
65.1667
55.1765
55.1765
55.1765
55.1765
55.1765
55.1765
56.2222
56.2222
56.2222
56.2222
56.2222
56.2222
56.2222
49
49
44.1111
44.1111
47.5
44.1111
44.1111
47.5
47.5
45.8333
47.5
47.5
47.5
47.5
47.5
47.5
47.5
47.5
47.5
47.5
47.5
47.5
47.5
47.5
47.5
47.5
47.5
47.5
47.5
47.5
45.8333
45.8333
47.5
47.5
47.5
47.5
45.8333
47.5
45.8333
47.5
47.5
47.5
47.5
47.5
45.8333
55
47.5
47.5
47.5
55
47.5
55
55
55.1765
55.1765
55.1765
65.1667
65.1667
65.1667
65.1667
65.1667
65.1667
55
55
55
55
47.5
47.5
47.5
47.5
55
47.5
55
55
55
47.5
47.5
47.5
51.4444
55
51.4444
55
55
55
55
55
51.4444
51.4444
55
51.4444
55
55
51.4444
55
51.4444
55
63
51.4444
55
55
55
51.4444
51.4444
55
55
55
55
55
55
55
55
55
55
55
55
55
55
55
55
55
55
55
63
55
55
55
63
55
55
63
63
63
63
55
55
55
63
63
63
63
63
72.1765
68.3529
68.3529
68.3529
68.3529
68.3529
68.3529
68.3529
68.3529
68.3529
68.3529
68.3529
68.3529
68.3529
68.3529
68.3529
68.3529
68.3529
68.3529
68.3529
68.3529
68.3529
68.3529
68.3529
68.3529
68.3529
68.3529
68.3529
68.3529
68.3529
68.3529
68.3529
68.3529
68.3529
68.3529
68.3529
68.3529
68.3529
68.3529
68.3529
48.1176
48.1176
48.1176
99.5714
40.9524
29.1429
29.1429
87.9048
87.9048
87.9048
87.5714
87.5714
87.5714
87.5714
87.5714
87.5714
87.5714
87.5714
87.5714
87.5714
87.9048
87.9048
87.9048
87.5714
87.5714
87.5714
87.5714
67.8421
67.8421
67.8421
68.3529
68.3529
68.3529
68.3529
75
75
75
75
75
78.7778
78.7778
78.7778
78.7778
78.7778
78.7778
75
75
78.7778
78.7778
78.7778
78.7778
78.7778
78.7778
78.7778
78.7778
78.7778
78.7778
78.7778
78.7778
78.7778
78.7778
78.7778
78.7778
75
75
75
75
75
75
75
75
75
75
75
75
75
75
75
75
75
75
75
75
75
75
75
75
75
75
75
75
75
75
75
75
75
75
75
75
75
75
68.3529
68.3529
180
68.3529
68.3529
45.6316
45.6316
75
30.5714
30.5714
30.5714
