6470
6612
6801
6807
6810
6811
6813
6814
6816
6817
6820
6824
6825
6828
6830
6831
6836
6840
6850
6851
6852
6853
6854
6855
6856
6857
6858
6859
6860
6870
6877
6878
6879
6880
6881
6883
6888
6889
6890
6896
6897
6901
6902
6903
6904
6905
6906
6907
6910
6911
6912
6921
6922
6925
6926
6927
6928
1432
1451
1460
1701
1703
1705
1718
1719
1720
1730
1731
1740
1741
1742
1749
1752
1754
1772
1773
1775
1776
1778
1801
1803
1805
1807
1810
1812
1813
1815
1821
1822
1824
1826
1830
1831
1832
1833
1834
1835
1840
1841
1842
1843
1844
1845
1850
1851
1852
1853
1854
1860
1862
1863
1864
1865
1866
1867
1876
1880
1886
1887
1888
1889
1890
1899
1901
1902
1903
1904
1905
1906
1907
1908
1910
1913
1915
1921
1922
1923
1929
1930
1931
1938
1940
1944
1945
1949
1950
1951
1952
1960
1961
1965
1966
1969
1970
1971
1982
1983
1984
1985
2128
2129
2138
2139
2140
2141
2142
2143
2144
2145
2148
2149
2150
2151
2152
2153
2155
2156
2176
2180
2238
2420
2421
2451
2452
2453
2454
2455
2471
2472
2474
2475
2476
2477
2478
2479
2493
5501
5544
1702
1704
1721
1745
1746
1748
1757
1760
1770
1784
2019
2021
2025
2026
2027
2030
2032
2035
2038
2043
2044
2045
2048
2050
2052
2053
2054
2056
2061
2062
2066
2067
2070
2071
2072
2081
2090
2093
2108
2109
2110
2111
2112
2113
2114
2115
2116
2117
2118
2119
2120
2121
2122
2123
2124
2125
2126
2127
2130
2131
2132
2133
2134
2135
2136
2137
2163
2169
2170
2171
2184
2185
2186
2187
2188
2189
2190
2191
2196
2199
2201
2203
2204
2205
2206
2210
2211
2212
2215
2217
2222
2228
2241
2266
2269
2283
2284
2293
2295
2297
2298
2301
2302
2303
2304
2305
2322
2324
2327
2331
2332
2333
2334
2338
2339
2340
2341
2343
2351
2356
2357
2358
2359
2364
2367
2368
2370
2375
2379
2382
2445
2446
2447
2456
2457
2458
2459
2460
2461
2462
2464
2465
2466
2467
2468
2481
2482
2492
2494
2495
2703
2715
2718
2720
2721
2724
2725
2726
2760
2761
2762
2763
2764
2766
2767
2769
2771
2777
2779
2780
2783
3801
3840
3842
3844
3862
3870
3874
3885
7458
7423
7450
7652
7645
7656
7677
7642
7676
7675
7630
7649
7661
7666
7631
7621
7628
7641
7624
7640
7647
7648
7627
7626
7670
7632
7620
7024
7605
7650
10501
10502
10504
10505
10506
10507
10509
10510
10511
10512
10514
10516
10517
10518
10519
10520
10522
10523
10524
10526
10527
10528
10530
10532
10533
10535
10536
10537
10541
10543
10546
10547
10548
10549
10560
10562
10566
10567
10570
10573
10576
10577
10578
10579
10580
10583
10588
10589
10590
10591
10594
10595
10596
10597
10598
10601
10603
10604
10605
10606
10607
10706
12508
12524
12531
12533
12563
12582
10960
10994
10954
10965
10913
10962
10983
10964
10976
10968
2802
2806
2809
2837
2838
2840
2841
2842
2860
2861
2862
2863
2864
2865
2871
2878
2885
2886
2887
2888
2889
2893
2895
2901
2902
2903
2904
2905
2906
2907
2908
2909
2910
2911
2912
2914
2915
2916
2918
2920
2921
6913
6920
6914
2940
3871
3854
3045
3110
3063
3054
3062
3102
3064
3061
3101
3060
3105
3108
3111
3052
3103
3106
3104
1879
3051
3109
3053
3032
3076
3087
3041
3038
3079
3073
1747
7011
7012
7020
7022
7026
7043
7055
7057
7070
7072
7073
7074
7075
7401
7407
7417
7430
7432
7446
7463
7470
7481
7501
7502
7503
7504
7505
7506
7508
7512
7513
7514
7522
7524
7601
7603
7604
7606
7607
7608
7643
7644
7657
7660
7662
7663
7699
10956
10952
10931
10927
10923
10920
10911
10901
10970
10974
10977
10980
10984
10986
10989
10993
7410
7962
7963
7927
7961
7981
7940
7054
7932
7034
7936
7045
7901
7999
7902
7082
7058
7078
7039
7081
7457
7444
7068
7035
7041
7004
7440
7088
7442
7006
7021
7007
7474
7040
7083
7052
7079
7044
7436
7050
7051
7111
7205
7106
7009
7208
7018
7424
7042
7207
7112
7017
7019
7028
7108
7103
7107
7003
7206
7538
7201
7175
7102
7101
7184
7188
7189
7191
7192
7193
7195
7198
7199
7509
7510
7511
7533
7543
7544
7013
7104
7114
7015
7109
7110
7507
7495
7029
7105
7099
7014
7031
7452
7032
7451
7071
7002
10982
7395
7303
7399
7097
7653
7305
7308
7306
7094
7304
7311
7096
7307
7602
7302
7310
7087
7030
7047
7646
7086
7093
7010
1108
1009
1569
3811
1568
3861
3461
1520
2360
1532
1516
1545
1504
3275
2346
2020
2330
2743
1590
1581
1095
2670
1420
2631
1529
1452
10708
1463
2562
1739
6473
6482
1536
1453
1462
1605
1510
12208
2818
3903
3802
3803
3804
3908
3904
3905
3909
3911
3902
4090
3907
3910
4054
4094
4043
4046
4005
4072
4007
4014
4063
4064
4074
4098
4092
4006
4102
4106
4103
4105
4021
4101
4107
4109
4110
4096
6468
6605
6611
6614
6615
6812
6610
6607
6608
6606
6604
6804
1434
1450
1756
1827
1503
2790
2702
2747
2717
2748
2745
2746
2740
12570
10471
10801
10705
10552
10538
10707
10804
10701
10709
10703
10710
10805
10803
1523
1519
1560
1534
1588
1505
1526
12564
6784
6755
6776
6752
6488
6783
6484
6794
6793
6798
6461
6460
6477
6516
6519
6510
6511
6512
6513
6405
3229
3046
3301
3304
3303
3307
3258
3234
7001
7008
7016
7023
7027
7036
7059
7060
7062
7063
7064
7065
7066
7067
7069
7076
7077
7080
7090
7092
7095
7203
7920
7922
7928
7933
7935
7939
7946
7974
7976
7980
8805
8807
8812
8820
8830
8832
8836
8837
8840
8846
8854
8861
8863
8880
8817
7033
7204
7202
7960
11212
11213
11216
11233
11238
11209
11214
11228
11204
11218
11219
11230
11234
11236
11239
11223
11224
11229
11235
11201
11205
11215
11217
11231
11203
11210
11225
11226
11207
11208
11211
11222
11220
11232
11206
11221
11237
11249
1518
1566
1550
1507
1524
1542
1537
1611
1602
1501
1603
1609
1610
1608
1607
1527
1604
1540
1571
1570
6107
6117
6110
6119
6105
6112
6106
6114
6103
6120
6108
6118
6074
6042
6040
6066
6029
6084
6279
6076
6278
6515
6514
6518
6517
6525
6418
6401
11109
11101
11106
11102
11104
11103
11105
11378
11377
11370
11372
11379
11385
11373
11369
11374
11421
11368
11416
11417
11356
11375
11418
11415
11367
11354
11419
11355
11420
11357
11435
11436
11358
11365
11432
11366
11433
11360
11434
11361
11423
11412
11364
11427
11413
11363
11428
11429
11411
11362
11426
11005
11004
6281
6282
1521
6095
6088
6016
6111
6109
6033
11024
11023
11021
11020
11581
11001
11003
11580
11042
11557
11050
11030
11040
11010
11563
11565
11518
11507
11552
11576
11579
11596
11547
11501
11570
11572
11577
11530
11548
11542
11550
11514
11510
11549
11556
11553
11560
11545
11568
11575
11520
11590
11765
11554
11709
11566
11732
11753
11710
11771
11801
11756
11793
11791
11783
11714
11803
11797
11758
11804
11724
11762
11735
11743
11701
11747
11726
11757
11721
11798
11704
11746
11740
11768
11703
11729
11731
11795
11725
2347
2719
2770
2739
2576
2738
2571
2558
2538
2540
2534
2532
2536
2644
2649
2563
2537
2635
2648
2655
2632
2668
2672
2647
2630
2601
2637
2673
2675
2638
2664
2641
2660
2639
2671
2646
2645
2659
2669
2633
2816
2831
2919
1606
1583
1564
1464
3034
3036
3077
3873
3841
3044
3819
3826
3865
3848
3858
3833
3827
3037
3291
3290
3042
3856
3857
3824
10704
10550
10553
2556
2542
2561
2559
10026
10027
10030
10037
10039
10001
10011
10018
10019
10020
10036
10029
10035
10010
10016
10017
10022
10012
10013
10014
10004
10005
10006
10007
10038
10280
10002
10003
10009
10021
10028
10044
10065
10075
10128
10023
10024
10025
10031
10032
10033
10034
10040
10452
10451
10454
10453
10463
10456
10455
10468
10457
10459
10458
10474
10460
10467
10472
10470
10473
10462
10466
10469
10461
10475
10465
10464
2650
2653
10281
2744
2723
8876
8869
10069
1431
1474
1469
