733
734
735
736
737
740
742
744
748
749
751
754
755
756
758
763
764
765
768
769
770
772
775
777
779
782
783
784
786
789
792
796
797
798
800
803
804
805
807
811
812
814
817
818
819
821
824
826
828
831
832
833
835
838
839
840
842
846
847
849
854
855
856
859
861
863
867
868
870
873
874
875
877
880
881
882
888
889
891
894
895
896
901
902
903
905
908
909
910
912
916
917
918
919
922
924
926
929
930
931
932
936
938
940
943
944
945
946
951
952
953
954
957
959
961
964
965
966
967
968
972
978
979
980
981
982
985
987
989
992
993
994
995
996
999
1001
1003
1006
1008
1009
1010
1013
1014
1015
1017
1020
1021
1022
1024
1027
1028
1029
1034
1035
1036
1037
1038
1041
1042
1043
1044
1045
1048
1049
1050
1052
1055
1056
1057